{
  "id": "episode_set_distances",
  "episode_set": {
    "id": "matrix_topology_comparison",
    "title": "Cave Matrix: Subjects x Mechanism Variants: Topology Comparison",
    "comparison_axis": "matrix cell",
    "metadata": {
      "source": "cave.demonstrations.reports.topology_comparison"
    }
  },
  "samples": 48,
  "distance_normalization": "zero-padded flattened embeddings",
  "labels": [
    "Q0 / flat / baseline",
    "Q0 / flat / zero-attention",
    "Q0 / flat / split-attention",
    "Q0 / flat / surprise-learning",
    "Q0 / flat / zero-predictor",
    "Q0 / prior / baseline",
    "Q0 / prior / zero-attention",
    "Q0 / prior / split-attention",
    "Q0 / prior / surprise-learning",
    "Q0 / prior / zero-predictor"
  ],
  "distances": {
    "state_effect": [
      [
        0.0,
        0.34035228592464895,
        0.17017614296232447,
        0.020655821515410056,
        0.0,
        0.1934540317943024,
        0.2954956755838493,
        0.18278719517400488,
        0.1883360626859953,
        0.1934540317943024
      ],
      [
        0.34035228592464895,
        0.0,
        0.17017614296232447,
        0.3530887964319693,
        0.34035228592464895,
        0.46819930330411047,
        0.19345403179430246,
        0.31521041445743697,
        0.4607334575350247,
        0.46819930330411047
      ],
      [
        0.17017614296232447,
        0.17017614296232447,
        0.0,
        0.18327373224385712,
        0.17017614296232447,
        0.3152104144574369,
        0.18278719517400488,
        0.19345403179430246,
        0.3080794963424006,
        0.3152104144574369
      ],
      [
        0.020655821515410056,
        0.3530887964319693,
        0.18327373224385712,
        0.0,
        0.020655821515410056,
        0.17871170495867922,
        0.3003938448598584,
        0.17924075464561584,
        0.17297507920706628,
        0.17871170495867922
      ],
      [
        0.0,
        0.34035228592464895,
        0.17017614296232447,
        0.020655821515410056,
        0.0,
        0.1934540317943024,
        0.2954956755838493,
        0.18278719517400488,
        0.1883360626859953,
        0.1934540317943024
      ],
      [
        0.1934540317943024,
        0.46819930330411047,
        0.3152104144574369,
        0.17871170495867922,
        0.1934540317943024,
        0.0,
        0.34035228592464895,
        0.17017614296232447,
        0.01505573900419938,
        0.0
      ],
      [
        0.2954956755838493,
        0.19345403179430246,
        0.18278719517400488,
        0.3003938448598584,
        0.2954956755838493,
        0.34035228592464895,
        0.0,
        0.17017614296232447,
        0.33329427687589885,
        0.34035228592464895
      ],
      [
        0.18278719517400488,
        0.31521041445743697,
        0.19345403179430246,
        0.17924075464561584,
        0.18278719517400488,
        0.17017614296232447,
        0.17017614296232447,
        0.0,
        0.1633889699583847,
        0.17017614296232447
      ],
      [
        0.1883360626859953,
        0.4607334575350247,
        0.3080794963424006,
        0.17297507920706628,
        0.1883360626859953,
        0.01505573900419938,
        0.33329427687589885,
        0.1633889699583847,
        0.0,
        0.01505573900419938
      ],
      [
        0.1934540317943024,
        0.46819930330411047,
        0.3152104144574369,
        0.17871170495867922,
        0.1934540317943024,
        0.0,
        0.34035228592464895,
        0.17017614296232447,
        0.01505573900419938,
        0.0
      ]
    ],
    "observed_memory": [
      [
        0.0,
        0.34035228592464895,
        0.17017614296232447,
        0.020655821515410056,
        0.0,
        0.1934540317943024,
        0.2954956755838493,
        0.18278719517400488,
        0.1883360626859953,
        0.1934540317943024
      ],
      [
        0.34035228592464895,
        0.0,
        0.17017614296232447,
        0.3530887964319693,
        0.34035228592464895,
        0.46819930330411047,
        0.19345403179430246,
        0.31521041445743697,
        0.4607334575350247,
        0.46819930330411047
      ],
      [
        0.17017614296232447,
        0.17017614296232447,
        0.0,
        0.18327373224385712,
        0.17017614296232447,
        0.3152104144574369,
        0.18278719517400488,
        0.19345403179430246,
        0.3080794963424006,
        0.3152104144574369
      ],
      [
        0.020655821515410056,
        0.3530887964319693,
        0.18327373224385712,
        0.0,
        0.020655821515410056,
        0.17871170495867922,
        0.3003938448598584,
        0.17924075464561584,
        0.17297507920706628,
        0.17871170495867922
      ],
      [
        0.0,
        0.34035228592464895,
        0.17017614296232447,
        0.020655821515410056,
        0.0,
        0.1934540317943024,
        0.2954956755838493,
        0.18278719517400488,
        0.1883360626859953,
        0.1934540317943024
      ],
      [
        0.1934540317943024,
        0.46819930330411047,
        0.3152104144574369,
        0.17871170495867922,
        0.1934540317943024,
        0.0,
        0.34035228592464895,
        0.17017614296232447,
        0.01505573900419938,
        0.0
      ],
      [
        0.2954956755838493,
        0.19345403179430246,
        0.18278719517400488,
        0.3003938448598584,
        0.2954956755838493,
        0.34035228592464895,
        0.0,
        0.17017614296232447,
        0.33329427687589885,
        0.34035228592464895
      ],
      [
        0.18278719517400488,
        0.31521041445743697,
        0.19345403179430246,
        0.17924075464561584,
        0.18278719517400488,
        0.17017614296232447,
        0.17017614296232447,
        0.0,
        0.1633889699583847,
        0.17017614296232447
      ],
      [
        0.1883360626859953,
        0.4607334575350247,
        0.3080794963424006,
        0.17297507920706628,
        0.1883360626859953,
        0.01505573900419938,
        0.33329427687589885,
        0.1633889699583847,
        0.0,
        0.01505573900419938
      ],
      [
        0.1934540317943024,
        0.46819930330411047,
        0.3152104144574369,
        0.17871170495867922,
        0.1934540317943024,
        0.0,
        0.34035228592464895,
        0.17017614296232447,
        0.01505573900419938,
        0.0
      ]
    ],
    "subjective_trajectory": [
      [
        0.0,
        0.2947874207704456,
        0.1473937103852228,
        0.02057970515447203,
        0.31891448318263843,
        0.22467762357331952,
        0.37205037408128255,
        0.2711256539175033,
        0.2207672790118947,
        0.31891448318263843
      ],
      [
        0.2947874207704456,
        0.0,
        0.1473937103852228,
        0.29720377456170277,
        0.32246722627359714,
        0.3627619661481917,
        0.22994593452112203,
        0.2655633539661981,
        0.35738232848482504,
        0.32246722627359714
      ],
      [
        0.1473937103852228,
        0.1473937103852228,
        0.0,
        0.15050547524213626,
        0.2848172641203398,
        0.2632740652780009,
        0.2718885818994322,
        0.22425789112060712,
        0.25788612649123377,
        0.2848172641203398
      ],
      [
        0.02057970515447203,
        0.29720377456170277,
        0.15050547524213626,
        0.0,
        0.33273384042118526,
        0.21226207787844012,
        0.3666955528592066,
        0.262256220395024,
        0.20793687358543367,
        0.33273384042118526
      ],
      [
        0.31891448318263843,
        0.32246722627359714,
        0.2848172641203398,
        0.33273384042118526,
        0.0,
        0.46219547385416904,
        0.4613119794900838,
        0.43918599563055893,
        0.45655004088707746,
        0.0
      ],
      [
        0.22467762357331952,
        0.3627619661481917,
        0.2632740652780009,
        0.21226207787844012,
        0.46219547385416904,
        0.0,
        0.29118596248644374,
        0.14579511262145933,
        0.013901959153314125,
        0.46219547385416904
      ],
      [
        0.37205037408128255,
        0.22994593452112203,
        0.2718885818994322,
        0.3666955528592066,
        0.4613119794900838,
        0.29118596248644374,
        0.0,
        0.14574223163566094,
        0.288089674256902,
        0.4613119794900838
      ],
      [
        0.2711256539175033,
        0.2655633539661981,
        0.22425789112060712,
        0.262256220395024,
        0.43918599563055893,
        0.14579511262145933,
        0.14574223163566094,
        0.0,
        0.14299404459890844,
        0.43918599563055893
      ],
      [
        0.2207672790118947,
        0.35738232848482504,
        0.25788612649123377,
        0.20793687358543367,
        0.45655004088707746,
        0.013901959153314125,
        0.288089674256902,
        0.14299404459890844,
        0.0,
        0.45655004088707746
      ],
      [
        0.31891448318263843,
        0.32246722627359714,
        0.2848172641203398,
        0.33273384042118526,
        0.0,
        0.46219547385416904,
        0.4613119794900838,
        0.43918599563055893,
        0.45655004088707746,
        0.0
      ]
    ],
    "actual_input": [
      [
        0.0,
        0.45603752481695464,
        0.22801876240847732,
        0.0,
        0.0,
        0.0,
        0.45603752481695464,
        0.22801876240847732,
        0.0,
        0.0
      ],
      [
        0.45603752481695464,
        0.0,
        0.22801876240847732,
        0.45603752481695464,
        0.45603752481695464,
        0.45603752481695464,
        0.0,
        0.22801876240847732,
        0.45603752481695464,
        0.45603752481695464
      ],
      [
        0.22801876240847732,
        0.22801876240847732,
        0.0,
        0.22801876240847732,
        0.22801876240847732,
        0.22801876240847732,
        0.22801876240847732,
        0.0,
        0.22801876240847732,
        0.22801876240847732
      ],
      [
        0.0,
        0.45603752481695464,
        0.22801876240847732,
        0.0,
        0.0,
        0.0,
        0.45603752481695464,
        0.22801876240847732,
        0.0,
        0.0
      ],
      [
        0.0,
        0.45603752481695464,
        0.22801876240847732,
        0.0,
        0.0,
        0.0,
        0.45603752481695464,
        0.22801876240847732,
        0.0,
        0.0
      ],
      [
        0.0,
        0.45603752481695464,
        0.22801876240847732,
        0.0,
        0.0,
        0.0,
        0.45603752481695464,
        0.22801876240847732,
        0.0,
        0.0
      ],
      [
        0.45603752481695464,
        0.0,
        0.22801876240847732,
        0.45603752481695464,
        0.45603752481695464,
        0.45603752481695464,
        0.0,
        0.22801876240847732,
        0.45603752481695464,
        0.45603752481695464
      ],
      [
        0.22801876240847732,
        0.22801876240847732,
        0.0,
        0.22801876240847732,
        0.22801876240847732,
        0.22801876240847732,
        0.22801876240847732,
        0.0,
        0.22801876240847732,
        0.22801876240847732
      ],
      [
        0.0,
        0.45603752481695464,
        0.22801876240847732,
        0.0,
        0.0,
        0.0,
        0.45603752481695464,
        0.22801876240847732,
        0.0,
        0.0
      ],
      [
        0.0,
        0.45603752481695464,
        0.22801876240847732,
        0.0,
        0.0,
        0.0,
        0.45603752481695464,
        0.22801876240847732,
        0.0,
        0.0
      ]
    ]
  }
}
